[gd_scene load_steps=6 format=3 uid="uid://bre0nly3ctqh7"]

[ext_resource type="PackedScene" uid="uid://bi3tivxq4s03q" path="res://Scenes/Levels/hedge_grid_map.tscn" id="1_klsf8"]
[ext_resource type="PackedScene" uid="uid://dma6kfnkwoxcx" path="res://Scenes/Levels/japanskTræ.glb" id="2_5c4mp"]
[ext_resource type="PackedScene" uid="uid://dtmo474ttnbxs" path="res://Scenes/Levels/barktræ.glb" id="3_jy2a2"]
[ext_resource type="PackedScene" uid="uid://dk2500jb0eebu" path="res://Scenes/Levels/Level_dressing/cd.tscn" id="4_klsf8"]
[ext_resource type="PackedScene" uid="uid://de75r7nowaybb" path="res://Scenes/player.tscn" id="5_5c4mp"]

[node name="Kravlemodul" type="Node3D"]

[node name="GridMap" parent="." instance=ExtResource("1_klsf8")]
transform = Transform3D(1, 0, 0, 0, 1, 0, 0, 0, 1, 6.631, 0, 11.615)
data = {
"cells": PackedInt32Array(0, 65533, 655370, 0, 65532, 6, 0, 65531, 6, 1, 65531, 1441802, 1, 65532, 5, 1, 65533, 655364, 1, 65530, 1441796, 65529, 65530, 1441799, 65529, 65531, 6, 65529, 65532, 6, 65529, 65533, 1048583, 65528, 65533, 655370, 65528, 65532, 6, 65528, 65531, 6, 65528, 65530, 10, 65535, 65533, 1048583, 65535, 65532, 6, 65535, 65531, 6, 65535, 65530, 1441799, 0, 65530, 10, 65534, 65532, 6, 65533, 65533, 1048583, 65534, 65533, 655370, 65532, 65533, 655370, 65531, 65533, 1048583, 65530, 65533, 655370, 65532, 65532, 6, 65533, 65532, 6, 65531, 65532, 6, 65530, 65532, 6, 65532, 65531, 6, 65531, 65531, 6, 65530, 65531, 6, 65533, 65531, 6, 65534, 65531, 6, 65530, 65530, 10, 65531, 65530, 1441799, 65532, 65530, 10, 65533, 65530, 1441799, 65534, 65530, 10, 65527, 65533, 1441792, 65527, 65532, 1441792, 65527, 65531, 655371, 65527, 65530, 1441792, 65526, 65531, 1048582, 65526, 65532, 655370, 65526, 65530, 10, 65525, 65530, 11, 65525, 65532, 11, 65525, 65531, 0, 65523, 65532, 11, 65523, 65534, 11, 65524, 65532, 10, 65524, 65533, 1441802, 65524, 65534, 655364, 65523, 65528, 11, 65523, 65529, 0, 65523, 65530, 11, 65524, 65528, 1441796, 65524, 65529, 1441802, 65524, 65530, 655370, 65521, 65530, 11, 65521, 65531, 0, 65521, 65532, 1441804, 65522, 65530, 10, 65522, 65531, 1048582, 65522, 65532, 655370, 65523, 65531, 1441792, 65521, 65526, 11, 65521, 65527, 0, 65521, 65528, 11, 65522, 65526, 1441796, 65522, 65527, 1441802, 65522, 65528, 655370, 65521, 65534, 11, 65521, 65535, 0, 65521, 0, 11, 65522, 65534, 10, 65522, 65535, 1441802, 65522, 0, 655364, 65520, 65534, 655371, 65519, 65535, 11, 65519, 0, 0, 65519, 1, 11, 65520, 65535, 10, 65520, 0, 1048582, 65520, 1, 655364, 65516, 65533, 11, 65516, 65534, 0, 65516, 65535, 11, 65517, 65533, 10, 65517, 65534, 1048582, 65517, 65535, 655364, 65519, 65531, 11, 65519, 65532, 0, 65519, 65533, 11, 65520, 65531, 10, 65520, 65532, 1048582, 65520, 65533, 655364, 65517, 65529, 11, 65517, 65530, 0, 65517, 65531, 11, 65518, 65529, 10, 65518, 65530, 1048582, 65518, 65531, 655370, 65519, 65527, 11, 65519, 65528, 0, 65519, 65529, 11, 65520, 65527, 10, 65520, 65528, 1048582, 65520, 65529, 655370, 65519, 65524, 655371, 65519, 65525, 0, 65519, 65526, 11, 65520, 65524, 1441796, 65520, 65525, 1441802, 65520, 65526, 655370, 65517, 65526, 11, 65517, 65527, 0, 65517, 65528, 11, 65518, 65526, 10, 65518, 65527, 1048582, 65518, 65528, 655370, 65518, 65534, 655371, 65519, 65534, 655371, 65515, 65533, 655371, 65522, 65529, 655371, 65521, 65529, 655371, 65520, 65530, 655371, 65519, 65530, 655371, 65518, 65533, 1441804, 65518, 65532, 655372, 65517, 65532, 655372, 65516, 65532, 1441804, 65516, 65531, 1441804, 65516, 65530, 1441803, 65516, 65529, 1441804, 65516, 65528, 1441804, 65516, 65527, 1441792, 65518, 65524, 655371, 65517, 65524, 655371, 65516, 65524, 1441804, 65516, 65526, 1441804, 65516, 65525, 1441803, 65523, 65533, 1441802, 65518, 1, 655371, 65517, 1, 655371, 65516, 1, 1441804, 65516, 0, 1441804, 65518, 0, 12, 65518, 65535, 655372, 65517, 0, 655371, 65515, 65535, 655371, 65514, 65535, 655372, 65513, 65535, 655360, 65514, 0, 655360, 65514, 65533, 5, 65514, 65534, 655364, 65515, 65534, 655360, 65515, 0, 655360, 65521, 65533, 655360, 65522, 65533, 655360, 65524, 65531, 655360, 65525, 65533, 655360, 65526, 65533, 655360, 65525, 65529, 655360, 65525, 65527, 655360, 65525, 65528, 655360, 65523, 65526, 655360, 65523, 65527, 655360, 65524, 65526, 655360, 65524, 65527, 655360, 65521, 65525, 655360, 65521, 65524, 655360, 65522, 65525, 655360, 65522, 65524, 655360, 65521, 2, 655360, 65521, 1, 655360, 65522, 1, 655360, 65523, 1, 655360, 65523, 0, 655360, 65523, 65535, 655360, 65515, 1, 655360, 65514, 65532, 1441796, 65513, 65532, 1048581, 65513, 65534, 655370, 65513, 65533, 655366, 65512, 65534, 1048580, 65512, 65532, 4, 65512, 65533, 1048586, 65516, 65523, 0)
}

[node name="japanskTræ" parent="." instance=ExtResource("2_5c4mp")]
transform = Transform3D(1, 0, 0, 0, 1, 0, 0, 0, 1, 3.1501, 1.5, -0.170097)

[node name="japanskTræ2" parent="." instance=ExtResource("2_5c4mp")]
transform = Transform3D(-0.448243, 0, -0.893912, 0, 1, 0, 0.893912, 0, -0.448243, -4.82104, 1.5, -0.170097)

[node name="japanskTræ3" parent="." instance=ExtResource("2_5c4mp")]
transform = Transform3D(-0.448243, 0, -0.893912, 0, 1, 0, 0.893912, 0, -0.448243, -22.1589, 1.5, -4.56767)

[node name="japanskTræ12" parent="." instance=ExtResource("2_5c4mp")]
transform = Transform3D(-0.448243, 0, -0.893912, 0, 1, 0, 0.893912, 0, -0.448243, -28.3757, 1.5, 6.68679)

[node name="japanskTræ13" parent="." instance=ExtResource("2_5c4mp")]
transform = Transform3D(-0.448243, 0, -0.893912, 0, 1, 0, 0.893912, 0, -0.448243, -34.8484, 1.5, 8.41685)

[node name="japanskTræ14" parent="." instance=ExtResource("2_5c4mp")]
transform = Transform3D(-0.984537, 0, 0.175178, 0, 1, 0, -0.175178, 0, -0.984537, -40.2711, 1.5, 9.80516)

[node name="japanskTræ4" parent="." instance=ExtResource("2_5c4mp")]
transform = Transform3D(-0.448243, 0, -0.893912, 0, 1, 0, 0.893912, 0, -0.448243, -28.3222, 1.5, -5.30529)

[node name="japanskTræ5" parent="." instance=ExtResource("2_5c4mp")]
transform = Transform3D(-0.448243, 0, -0.893912, 0, 1, 0, 0.893912, 0, -0.448243, -28.3222, 1.5, -10.9254)

[node name="japanskTræ6" parent="." instance=ExtResource("2_5c4mp")]
transform = Transform3D(-0.448243, 0, -0.893912, 0, 1, 0, 0.893912, 0, -0.448243, -33.9049, 1.5, 0.504229)

[node name="japanskTræ7" parent="." instance=ExtResource("2_5c4mp")]
transform = Transform3D(-0.448243, 0, -0.893912, 0, 1, 0, 0.893912, 0, -0.448243, -40.2468, 1.5, 4.23272)

[node name="japanskTræ8" parent="." instance=ExtResource("2_5c4mp")]
transform = Transform3D(-0.448243, 0, -0.893912, 0, 1, 0, 0.893912, 0, -0.448243, -40.2468, 1.5, 3.10907)

[node name="japanskTræ15" parent="." instance=ExtResource("2_5c4mp")]
transform = Transform3D(-0.448243, 0, -0.893912, 0, 1, 0, 0.893912, 0, -0.448243, -40.2468, 1.5, -12.8482)

[node name="japanskTræ16" parent="." instance=ExtResource("2_5c4mp")]
transform = Transform3D(-0.448243, 0, -0.893912, 0, 1, 0, 0.893912, 0, -0.448243, -46.3266, 1.5, -6.97048)

[node name="japanskTræ17" parent="." instance=ExtResource("2_5c4mp")]
transform = Transform3D(-0.448243, 0, -0.893912, 0, 1, 0, 0.893912, 0, -0.448243, -46.3266, 1.5, -12.4151)

[node name="japanskTræ9" parent="." instance=ExtResource("2_5c4mp")]
transform = Transform3D(-0.516982, 0, -0.855997, 0, 1, 0, 0.855997, 0, -0.516982, -49.3462, 1.5, 8.3363)

[node name="japanskTræ11" parent="." instance=ExtResource("2_5c4mp")]
transform = Transform3D(-0.994958, 0, -0.100292, 0, 1, 0, 0.100292, 0, -0.994958, -34.684, 1.5, -16.2043)

[node name="japanskTræ10" parent="." instance=ExtResource("2_5c4mp")]
transform = Transform3D(-0.448243, 0, -0.893912, 0, 1, 0, 0.893912, 0, -0.448243, -40.2468, 1.5, -17.2979)

[node name="barktræ" parent="." instance=ExtResource("3_jy2a2")]
transform = Transform3D(-0.667092, 0, -0.744976, 0, 1, 0, 0.744976, 0, -0.667092, -12.1883, 1.5, -0.555618)

[node name="barktræ3" parent="." instance=ExtResource("3_jy2a2")]
transform = Transform3D(-0.667092, 0, -0.744976, 0, 1, 0, 0.744976, 0, -0.667092, -21.8656, 1.5, 0.910141)

[node name="barktræ9" parent="." instance=ExtResource("3_jy2a2")]
transform = Transform3D(-0.667092, 0, -0.744976, 0, 1, 0, 0.744976, 0, -0.667092, -28.442, 1.5, 1.22936)

[node name="barktræ10" parent="." instance=ExtResource("3_jy2a2")]
transform = Transform3D(-0.667092, 0, -0.744976, 0, 1, 0, 0.744976, 0, -0.667092, -34.631, 1.5, 12.6313)

[node name="barktræ11" parent="." instance=ExtResource("3_jy2a2")]
transform = Transform3D(-0.667092, 0, -0.744976, 0, 1, 0, 0.744976, 0, -0.667092, -40.8714, 1.5, 14.4703)

[node name="barktræ4" parent="." instance=ExtResource("3_jy2a2")]
transform = Transform3D(0.79133, 0, -0.611389, 0, 1, 0, 0.611389, 0, 0.79133, -39.9695, 1.5, -8.56663)

[node name="barktræ8" parent="." instance=ExtResource("3_jy2a2")]
transform = Transform3D(-0.266381, 0, -0.963868, 0, 1, 0, 0.963868, 0, -0.266381, -34.5347, 1.5, -11.4976)

[node name="barktræ7" parent="." instance=ExtResource("3_jy2a2")]
transform = Transform3D(-0.980147, 0, 0.198273, 0, 1, 0, -0.198273, 0, -0.980147, -39.9695, 1.5, -22.5034)

[node name="barktræ5" parent="." instance=ExtResource("3_jy2a2")]
transform = Transform3D(-0.667092, 0, -0.744976, 0, 1, 0, 0.744976, 0, -0.667092, -49.247, 1.5, 5.60143)

[node name="barktræ6" parent="." instance=ExtResource("3_jy2a2")]
transform = Transform3D(-0.334679, 0, -0.942332, 0, 1, 0, 0.942332, 0, -0.334679, -33.7259, 1.5, -5.05955)

[node name="barktræ12" parent="." instance=ExtResource("3_jy2a2")]
transform = Transform3D(-0.334679, 0, -0.942332, 0, 1, 0, 0.942332, 0, -0.334679, -39.8694, 1.5, -1.50304)

[node name="barktræ13" parent="." instance=ExtResource("3_jy2a2")]
transform = Transform3D(-0.334679, 0, -0.942332, 0, 1, 0, 0.942332, 0, -0.334679, -46.2411, 1.5, -2.98607)

[node name="barktræ14" parent="." instance=ExtResource("3_jy2a2")]
transform = Transform3D(-0.334679, 0, -0.942332, 0, 1, 0, 0.942332, 0, -0.334679, -46.2411, 1.5, -16.6033)

[node name="barktræ2" parent="." instance=ExtResource("3_jy2a2")]
transform = Transform3D(-0.893238, 0, 0.449584, 0, 1, 0, -0.449584, 0, -0.893238, 8.4731, 1.5, -0.555618)

[node name="CD" parent="." instance=ExtResource("4_klsf8")]
transform = Transform3D(0.968813, -0.247794, 0, 0.247794, 0.968813, 0, 0, 0, 1, 8.16382, 1.68493, 1.65657)
disc_number = 3

[node name="Player" parent="." instance=ExtResource("5_5c4mp")]
transform = Transform3D(0.199806, -0.0088006, 0, 0.0088006, 0.199806, 0, 0, 0, 0.2, 8, 2.01453, 0)
