[gd_scene load_steps=3 format=3 uid="uid://c8gkmbqbklsj8"]

[ext_resource type="PackedScene" uid="uid://bi3tivxq4s03q" path="res://Scenes/Levels/hedge_grid_map.tscn" id="1_dbt8r"]
[ext_resource type="PackedScene" uid="uid://cnqabojy1tgrn" path="res://Assets/Geo/setDressing/storStatue.glb" id="2_j4qxd"]

[node name="Staute" type="Node3D"]

[node name="GridMap" parent="." instance=ExtResource("1_dbt8r")]
transform = Transform3D(1, 0, 0, 0, 1, 0, 0, 0, 1, -1.53805, 1.19209e-07, 0.100749)
data = {
"cells": PackedInt32Array(0, 65535, 6, 0, 0, 6, 65535, 65535, 6, 65535, 65534, 6, 0, 65534, 1441798, 1, 65534, 6, 1, 65535, 6, 1, 0, 1441798, 1, 1, 6, 0, 1, 1441798, 65535, 1, 6, 65534, 1, 6, 65534, 0, 6, 65534, 65534, 6, 2, 1, 6, 2, 0, 1048582, 2, 65535, 6, 2, 65534, 1048582, 2, 65533, 6, 1, 65533, 6, 0, 65533, 1048582, 65535, 65533, 1441798, 65534, 65533, 6, 65534, 2, 3, 65535, 2, 1048579, 0, 2, 3, 1, 2, 1048579, 2, 2, 3, 65533, 2, 3, 65533, 1, 1048582, 65533, 0, 6, 65533, 65535, 6, 65533, 65534, 1441798, 65533, 65533, 655366, 3, 2, 3, 3, 1, 1048579, 3, 0, 3, 3, 65535, 1441795, 3, 65534, 3, 3, 65533, 1441795, 3, 65532, 3, 2, 65532, 6, 1, 65532, 1441798, 0, 65532, 6, 65535, 65532, 1441798, 65534, 65532, 1048582, 65533, 65532, 6, 65532, 65532, 1048579, 65532, 65533, 3, 65532, 65534, 3, 65532, 65535, 1048579, 65532, 0, 1048579, 65532, 1, 3, 65532, 2, 3, 65532, 3, 1048585, 65533, 3, 1, 65534, 3, 1, 65535, 3, 1, 0, 3, 1, 1, 3, 1, 2, 3, 1, 3, 3, 1, 4, 3, 1048577, 4, 2, 1048577, 4, 1, 1048577, 4, 0, 1048577, 4, 65535, 1048577, 4, 65534, 1048577, 4, 65533, 1048577, 4, 65532, 1048577, 4, 65531, 1048577, 3, 65531, 3, 2, 65531, 1441795, 1, 65531, 3, 0, 65531, 1048579, 65535, 65531, 3, 65534, 65531, 3, 65533, 65531, 1048579, 65532, 65531, 3, 65531, 3, 1441793, 65531, 2, 1441793, 65531, 1, 1441793, 65531, 0, 1441793, 65531, 65535, 1441793, 65531, 65534, 1441793, 65531, 65533, 1441793, 65531, 65532, 1441793, 65531, 65531, 1441793, 65531, 65530, 1441793, 65532, 65530, 655361, 65533, 65530, 655361, 65534, 65530, 655361, 65535, 65530, 655361, 0, 65530, 655361, 1, 65530, 655361, 2, 65530, 655361, 3, 65530, 1048585, 4, 65530, 1048577, 4, 4, 655370, 3, 4, 655370, 2, 4, 655370, 1, 4, 655370, 0, 4, 655370, 65535, 4, 655370, 65534, 4, 655370, 65533, 4, 655370, 65532, 4, 655370, 65531, 4, 655370, 65530, 3, 1048586, 65530, 2, 1048586, 65530, 1, 1048586, 65530, 0, 1048586, 65530, 65535, 655365, 65530, 65534, 655365, 65530, 65533, 1048586, 65530, 65532, 1048586, 65530, 65531, 1048586, 65530, 65530, 1048586, 65531, 65529, 10, 65532, 65529, 10, 65533, 65529, 10, 65534, 65529, 10, 65535, 65529, 10, 0, 65529, 10, 1, 65529, 10, 2, 65529, 10, 3, 65529, 10, 4, 65529, 10, 5, 65530, 1441802, 5, 65531, 1441802, 5, 65532, 1441802, 5, 65533, 1441802, 5, 65534, 5, 5, 65535, 5, 5, 0, 1441802, 5, 1, 1441802, 5, 2, 1441802, 5, 3, 1441802, 5, 65529, 1441792, 5, 4, 655372, 65530, 4, 1441792, 65530, 65529, 655372, 6, 65534, 655367, 6, 65535, 655367, 6, 65533, 1048585, 6, 65532, 1048585, 6, 65531, 1048585, 6, 65530, 1048585, 6, 65529, 1048585, 6, 0, 1048585, 6, 1, 1048585, 6, 2, 1048585, 6, 3, 1048585, 6, 4, 655362, 65529, 65535, 7, 65529, 65534, 7, 65529, 65533, 1441801, 65529, 65532, 1441801, 65529, 65531, 1441801, 65529, 65530, 1441801, 65529, 65529, 2, 65529, 0, 1441801, 65529, 1, 1441801, 65529, 2, 1441801, 65529, 3, 1441801, 65529, 4, 1441801, 65529, 65528, 9, 65530, 65528, 655369, 65531, 65528, 655369, 65532, 65528, 655369, 65533, 65528, 655369, 65534, 65528, 655369, 65535, 65528, 655369, 0, 65528, 655369, 1, 65528, 655369, 2, 65528, 655369, 3, 65528, 655369, 4, 65528, 655369, 5, 65528, 655369, 65530, 5, 655369, 65531, 5, 655369, 65532, 5, 655369, 65533, 5, 655369, 65534, 5, 655369, 65535, 5, 655369, 0, 5, 655369, 1, 5, 655369, 2, 5, 655369, 3, 5, 655369, 4, 5, 655369, 5, 5, 655369, 6, 5, 9, 6, 65528, 1441794, 65529, 5, 1048578, 65534, 65535, 1048582, 65535, 0, 1048582)
}

[node name="storStatue" parent="." instance=ExtResource("2_j4qxd")]
transform = Transform3D(1, 0, 0, 0, 1, 0, 0, 0, 1, 0.703584, 1.8372, -3.06815)

[node name="SpotLight3D" type="SpotLight3D" parent="storStatue"]
transform = Transform3D(-0.707107, 0.32102, 0.630037, 0, 0.891007, -0.453991, -0.707107, -0.32102, -0.630037, 7.97831, 1.8333, -10.1589)
light_energy = 16.0
spot_range = 29.0833
spot_angle = 33.9178

[node name="SpotLight3D2" type="SpotLight3D" parent="storStatue"]
transform = Transform3D(-0.707107, -0.32102, -0.630037, 0, 0.891007, -0.453991, 0.707107, -0.32102, -0.630037, -11.839, 1.8333, -10.1589)
light_energy = 16.0
spot_range = 29.0833
spot_angle = 42.1875

[node name="SpotLight3D3" type="SpotLight3D" parent="storStatue"]
transform = Transform3D(0.707107, -0.32102, -0.630037, 0, 0.891007, -0.453991, 0.707107, 0.32102, 0.630037, -12.6048, 1.8333, 10.6464)
light_energy = 16.0
spot_range = 29.0833
spot_angle = 33.5034

[node name="SpotLight3D4" type="SpotLight3D" parent="storStatue"]
transform = Transform3D(0.707107, 0.280826, 0.648951, 0, 0.917755, -0.397148, -0.707107, 0.280826, 0.648951, 8.10648, 1.85569, 10.7542)
light_energy = 16.0
spot_range = 29.0833
spot_angle = 41.3748
